0000000000000101000000000000000110000000000011001
0000000000000100000000000000000000000000000010010
0000000000000100000000000000010000000000000010010
0000000000000100000000000000011000000000000010010
1000000000000100000000000000000100000000000010010
0000000000000000100000000000000010000000000001000
0000000000000000000000000000000110000000000001000
0000000000001000100000000010010000000000000100111
1000000000010000000000000000011110000000001000101
1000000000011100100000000001111000000000001110111
1000000000001101000000000000011000000000000111001
1000000000000001100000000001100010000000000001011
1000000000000000000000000001110010000000000001000
0000000000001110100000000010010110000000000111111
0000000000010100000000000000000110000000001010101
0000000000000001100000000010001010000000000001011
1000000000011000000000000000110110000000001100101
0000000000000001100000000010000110000000000001011
0000000000011100000000000001111110000000001110101
0000000000010110000000000000111010000000001011101
0000000000011101000000000001001010000000001111001
0000000000011010100000000010001110000000001101111
1000000000001011100000000010100000000000000110011
1000000000000111100000000001010100000000000100011
1000000000100000000000000000110000000000010000101
1000000000010010000000000010010110000000001001101
0000000000100000000000000001100100000000010000101
1000000000011110100000000000111110000000001111111
1000000000011010100000000000101100000000001101111
1000000000010111100000000000010110000000001100011
1000000000000110100000000000101000000000000011111
0000000000010111100000000001111100000000001100011
1000000000011110000000000000001010000000001111101
0000000000011001000000000000101010000000001101001
0000000000100000000000000000111010000000010000101
0000000000001100100000000010001010000000000110111
1000000000011001100000000010000010000000001101011
1000000000010110100000000001110100000000001011111
0000000000000000000000000001100010000000000001000
0000000000001101000000000001101100000000000111001
0000000000011110100000000001011100000000001111111
1000000000100000000000000001101000000000010000101
1000000000010110100000000001101010000000001011111
1000000000000000000000000010001000000000000001000
0000000000011101000000000010011000000000001111001
0000000000001110100000000000101100000000000111111
1000000000000101100000000010001100000000000011011
0000000000000010000000000000010010000000000001101
0000000000000001000000000001110010000000000001001
1000000000010001100000000000111110000000001001011
0000000000000111000000000010011110000000000100001
0000000000010110000000000001001010000000001011101
1000000000001010100000000000101000000000000101111
1000000000001010100000000001000100000000000101111
1000000000011101000000000001010010000000001111001
0000000000011110000000000000011100000000001111101
1000000000010011100000000001100010000000001010011
1000000000011010100000000000110000000000001101111
0000000000000110100000000001000000000000000011111
0000000000011011100000000000000100000000001110011
0000000000000001000000000001100100000000000001001
1000000000000010000000000000101000000000000001101
0000000000100000000000000001101100000000010000101
0000000000011100100000000000111000000000001110111
1000000000011001000000000010010010000000001101001
1000000000011011000000000000001110000000001110001
0000000000001000000000000000110110000000000100101
0000000000010011100000000000010010000000001010011
0000000000010011100000000001001100000000001010011
1000000000011010100000000010010000000000001101111
0000000000001000000000000000000010000000000100101
1000000000001101100000000010010000000000000111011
0000000000001010100000000010011110000000000101111
1000000000011000000000000000110010000000001100101
1000000000000110000000000000110100000000000011101
0000000000001100000000000001111110000000000110101
1000000000011000100000000001001010000000001100111
1000000000000001000000000001010010000000000001001
0000000000010010000000000000000100000000001001101
0000000000001100100000000001010010000000000110111
0000000000010101100000000001101100000000001011011
1000000000010001000000000000011000000000001001001
1000000000010110000000000010001000000000001011101
0000000000001111000000000000010000000000001000001
0000000000000101000000000000100010000000000011001
0000000000001010100000000010001000000000000101111
1000000000010001000000000001010100000000001001001
1000000000010111100000000001010110000000001100011
0000000000000111000000000001001010000000000100001
0000000000011111000000000000100010000000010000001
1000000000010100100000000000001010000000001010111
0000000000000100100000000001100000000000000010111
0000000000001000000000000001010110000000000100101
0000000000011000000000000000010010000000001100101
1000000000000101000000000001000100000000000011001
0000000000010010100000000010010000000000001001111
0000000000011101000000000001000110000000001111001
0000000000000010100000000001001010000000000001111
1000000000000000100000000000010110000000000000111
0000000000000111000000000000001010000000000100001
1000000000001111000000000010010110000000001000001
1000000000001010000000000000011100000000000101101
0000000000001010100000000000111100000000000101111
1000000000000110100000000001101110000000000011111
1000000000010010100000000010001100000000001001111
0000000000011110100000000001010000000000001111111
0000000000001101000000000001010000000000000111001
